40613
8096
23616
6857
38696
18794
59203
9067
10283
54804
21681
31392
40958
56347
42579
30565
16520
52289
28286
28286
6802
53116
47722
47078
38663
53328
53407
51150
56639
37977
1742
35516
1904
29052
26623
57003
35063
1029
21681
47267
41877
40760
30965
22023
52728
28945
56968
44268
36447
38946
3693
31575
3929
46822
49263
2333
39446
44862
34731
41030
3610
47139
15471
49530
18247
18868
55907
42324
31502
20827
49221
13126
26731
40396
25919
1876
28772
1489
52728
37220
41069
11654
45126
22337
5905
20357
8249
51834
28546
41770
39960
6704
20632
26853
49200
26230
27145
19492
25082
21350
29994
55297
38893
10992
52028
5203
40801
45960
31830
30088
59457
36562
30653
40888
54685
3876
14419
34989
45540
43276
38138
5929
52928
57700
7911
57916
27380
37415
26775
6279
11172
34887
54597
34634
38412
12239
28414
56318
19360
50435
43186
43243
17064
52318
29052
48676
49952
22910
36090
8540
7855
25694
34262
31392
39935
12205
7181
57645
31350
18926
12691
14723
46627
43081
57020
26103
49027
49214
46661
38139
58819
26183
44411
21576
19038
1018
1626
48929
8355
5767
14356
46560
54514
53355
24696
22344
39600
45422
21215
13371
49013
50185
6337
49622
43092
11792
57053
38128
4142
27145
36749
11683
33482
5662
12184
22787
50750
35074
29311
33157
59510
39600
36646
49639
9142
18837
19240
19008
38963
45235
20688
9874
17454
15249
9456
36537
15965
20392
29895
14356
52305
32493
6847
12666
55006
31082
36312
32336
53940
41485
34152
53299
57536
3632
55361
28274
95
39039
13918
34416
38835
19012
39859
28457
27318
50958
2147
3715
18425
22111
36741
9047
11022
46931
633
8527
16888
21703
36022
22816
52934
24842
4067
59197
8110
14282
33238
58665
40421
40825
52428
53685
30605
16903
59439
13926
26753
9055
20816
9296
11361
54104
53077
26979
27788
33657
59795
23662
33823
24419
44313
36871
42294
46446
19004
5961
33776
19080
29934
8272
5096
27936
16221
20801
56801
57161
8901
458
40649
37511
2557
58782
41614
59420
52847
25773
49953
57000
15399
45422
15329
50328
53881
24348
58360
38100
7934
51375
15955
48136
19902
56857
50929
34619
15600
48532
4270
5711
36874
35782
24717
54089
16439
21768
633
28993
52558
43965
3693
7004
13054
49310
14919
40780
6441
4289
15407
24537
23104
55907
19038
34086
29918
12414
20645
8016
22744
11022
209
12477
54464
13764
4316
49471
50157
3213
26784
14723
43602
39861
31172
3929
12869
15442
16619
5342
53350
30751
889
23828
9034
5608
8272
44723
1963
48542
37647
55664
38232
52609
26665
38099
40312
32109
23741
44811
3429
19744
6316
23154
9986
56388
52204
29706
47552
11746
25427
23926
15471
35905
859
20929
53399
3021
2435
28835
20175
6292
30363
8021
34070
30388
17535
45401
49199
29713
16498
47581
49815
42818
7129
28692
58665
50480
55481
48371
9552
41338
40958
54853
1868
18178
50192
50435
37141
41612
59795
21521
27145
18989
34369
18171
14034
1479
3049
41819
633
55624
14749
49685
44268
38523
4962
34511
11993
29409
13822
18603
7728
1371
56124
28875
38228
35963
46069
6441
25420
7451
35311
22749
17779
49278
666
526
49622
41383
24440
11792
7135
45960
15854
58012
11295
36391
2192
17133
48287
17539
32605
526
8116
24661
33378
17549
58160
4496
57064
582
46446
26191
28809
13544
42867
41412
22917
24537
38106
15675
57769
22362
37708
2561
13545
29067
7911
16997
59497
53381
50123
12927
46494
7709
7183
46114
35320
58649
36849
51052
4749
8723
51045
26256
44372
41999
52276
45942
5641
7892
47953
51147
23250
17655
5340
41357
41211
33381
3441
50057
42614
53632
39039
53118
36351
32946
3160
9857
23828
11636
11973
54003
30207
44788
1377
22886
57115
59595
53861
7135
31677
15882
11943
42819
52819
23885
18016
11352
36388
43142
38928
28524
44725
6192
13213
54210
53604
9973
10362
39159
31348
28187
2162
31963
19991
4387
7057
22928
59559
9815
41193
9628
31971
18266
29080
43003
7857
15684
39931
9804
14651
50356
22267
533
42630
24086
57339
15696
16468
52244
8063
36943
56025
51067
6785
57780
44183
27207
22899
30126
31494
32189
47224
12512
21767
18583
59200
18993
32562
23612
3103
46107
46637
4202
15154
24970
43779
29337
8989
31478
47019
34613
1200
37923
25767
11395
43232
57381
53587
56576
2419
29939
49037
19323
49473
47977
57418
48871
56965
1601
14016
49384
27104
11671
49600
32411
49840
10020
49283
43017
21942
39541
21618
59297
15175
20749
10067
6021
38664
33462
49154
32439
23841
59806
13985
4163
45229
56910
22137
35000
29062
48461
25202
47993
28246
17900
35289
33343
41205
1942
55386
41282
27025
45087
16234
11715
13398
50158
24567
15536
46165
55594
3230
19339
10659
6926
7185
59060
33045
23219
9775
6356
40802
18229
21357
18235
52395
4445
37579
53780
38828
46210
23892
11371
31869
2889
44792
14585
53098
26409
42184
57579
12486
52078
11404
17477
31766
39465
53899
53587
18072
12030
33354
51932
17130
14967
51187
5128
37839
42071
891
22896
29628
2495
20803
29430
17984
33826
44031
10897
45795
59606
48871
38436
33705
15300
13574
12133
4524
6108
2448
48099
38328
23543
10345
47187
10152
36215
15095
39057
2906
38207
38487
52084
36461
15300
44967
6568
30137
22847
55338
20135
25421
1452
32153
13390
3593
2462
34874
637
41723
2831
25473
58909
1544
8275
48977
41449
47670
10659
1647
42701
13956
44561
58965
52082
34329
5429
11671
27569
6303
24122
21200
45078
1717
51882
51493
25540
12078
3130
47580
55386
38097
25858
39695
35820
2599
56750
13392
52382
1716
58238
51882
59958
21446
46499
57948
59527
58662
1786
44886
33122
6244
31447
3427
27159
46696
28649
8664
1080
29697
3122
35698
22222
51483
2419
42899
56114
45237
52624
37182
124
55335
46210
21171
42690
18148
50465
45754
16228
40921
33343
46012
32914
57778
50918
23523
41386
9423
48871
871
25937
22555
35600
15396
43849
56572
40769
52614
41555
37101
30963
58322
3509
35749
18568
2188
9264
24973
1734
26182
10301
7831
2667
23841
41956
54543
52822
711
21698
1031
15316
42716
49961
47019
35299
12136
37110
47272
12845
4903
8934
19782
27707
24714
33918
8985
3145
11228
31280
34723
51554
26420
54809
52745
12154
50661
14758
31780
5601
5235
52317
42584
35900
4089
35811
30189
30616
39849
59796
50772
25504
47817
46185
21905
27242
18148
28836
42874
38487
14098
19735
26780
38337
33377
56491
24168
41104
57272
49008
38629
47465
51548
24070
53816
23132
33936
34937
18497
43933
59519
37365
29260
26867
31265
46880
41591
4953
10129
31570
49113
16362
51952
48177
18980
50493
1915
43652
57711
43214
45006
51539
21398
13967
13475
47692
19070
49246
7007
6834
31296
16907
32158
25704
47279
22398
45941
47644
152
53750
46347
2843
32158
39262
18174
55767
5644
10085
1200
13501
25414
23142
4333
52521
25196
34705
55784
891
17184
21171
8836
42288
58266
22398
57998
55747
54340
4654
37939
59150
39196
7402
43633
36608
14992
7912
56637
37920
29669
28656
49355
42071
9121
26188
20802
53791
13266
4884
41888
42182
51813
29098
16805
45861
26535
47465
30789
12323
57223
38572
26335
55338
34033
14466
17806
57057
39393
1822
1548
52120
19099
23835
53842
14079
58953
12441
5994
38965
28245
41637
1942
45994
6511
45186
51187
58253
3592
30475
52984
56717
34679
15561
10838
4003
25513
40692
33943
56189
58120
3851
42518
51051
7747
16203
49538
31685
37716
29403
47004
46481
56953
53687
40908
4958
39138
47758
25364
45167
3545
40380
17184
1497
9836
46783
24728
54893
20436
51660
30569
53218
26245
59030
13432
18783
19423
36522
14914
57658
23040
21451
22594
55158
18230
40152
26522
41421
43351
26888
44823
49160
24632
52637
26504
59456
17595
59374
18213
54315
7953
57331
40686
27880
1334
51320
24724
4835
22878
40321
9682
25265
35031
46935
40841
34226
39210
16294
18435
6044
2399
30972
58670
19755
17507
30027
10739
28684
32202
5250
8978
38268
39772
33088
12864
16033
51726
41878
59476
7787
18394
36229
7431
1894
4574
39476
15748
31555
50381
41182
51541
58923
18661
38637
27451
36631
6124
35630
18147
25281
17653
45332
39249
56040
39467
28567
50756
24096
15688
18210
22594
17047
55044
8097
23610
47254
27458
46687
3006
59245
54134
58538
1624
41861
12243
2464
40617
52942
12823
49625
45268
4610
12204
47578
34226
44209
45932
15823
5415
40203
58215
57496
47393
38962
55982
400
37632
52550
29355
30880
54758
59714
21528
51448
18084
15185
40718
9722
6974
55982
21323
55137
51517
40556
2261
26585
3274
8257
35331
30634
33593
34287
33197
37437
29220
46262
49381
33364
52251
59218
57588
12370
213
5908
19444
4208
38753
4986
23916
26157
3813
3924
52440
9721
14378
12281
10317
6547
47862
30663
917
55326
34795
16390
24649
38143
29904
58821
32212
26329
8007
44412
10264
41417
16027
31973
47706
14510
24491
46935
3064
51653
23319
2499
21330
31267
37199
50700
49757
32934
36462
6249
10312
16837
7796
15296
12093
39008
40580
54574
33296
10502
31773
17137
55319
56301
34907
28533
4701
34443
54633
38542
10574
49929
3917
47499
56643
28285
58771
41916
18097
28801
45845
34833
49573
35597
50977
44823
1143
43351
21009
35927
13919
1766
37727
40053
31813
14596
55692
3607
33296
10825
39168
35104
23895
30730
24360
53637
16320
34131
13953
493
7262
25591
57999
47499
14024
26888
39146
17995
47649
54395
22811
43617
40152
15966
18038
44393
54350
30228
32825
49160
25272
11384
19097
15295
59970
23525
45251
40084
27033
33290
19750
55188
3672
1624
29449
13928
57388
13994
15867
46266
38430
2270
14091
16198
33540
13043
52016
917
6771
48665
17841
7082
47235
44672
21881
10846
27680
45819
39006
44950
33804
10574
1954
37526
9625
4096
6327
33449
28977
39561
12931
11774
11503
21207
58720
54440
36914
38542
31016
34864
444
18780
2892
38560
33644
48334
46056
2499
3341
57956
24182
27258
40206
16697
8474
6124
26613
9471
4269
51448
35290
21623
26447
43895
59317
15836
41420
14373
39979
32947
7520
33807
58378
31609
51037
37103
19784
5227
7933
18084
56583
47966
2377
55723
30055
38679
12682
23814
56120
18290
57475
3975
41294
50096
22177
55308
53239
21845
30054
1444
36813
49515
2875
52400
40607
53491
42675
53269
56427
37957
46849
41997
57890
44502
45341
21014
37243
16198
17992
21053
39708
42839
41290
33096
16235
5259
48624
360
12213
32650
39914
16544
16320
29906
28577
30791
36553
2748
190
10082
36462
43994
56631
10957
23625
15569
18620
13043
4880
40581
31483
54306
9722
43441
31070
9169
39739
22132
54854
51849
43996
55919
48212
49475
33951
18535
48982
29025
28929
43293
16547
13148
33333
15083
22112
37210
57755
40614
28289
51214
51073
51735
29967
53343
57755
39734
41182
9231
23222
22751
55391
45957
39118
35340
39171
37743
17729
37426
26788
17374
38319
21544
21507
56301
14510
47688
9964
25787
28436
29893
57904
43450
2499
55070
26690
43105
49349
5618
12366
48748
21435
30492
37015
253
5227
46239
22198
9862
44847
59218
46050
4648
44260
39899
58244
33695
3142
59577
20240
39467
33489
25492
548
14776
20993
19654
58317
6743
27752
2283
40951
13455
36166
42842
35235
49098
8443
48463
53727
15829
40956
42929
57358
4687
46619
5307
37526
3712
50487
39682
59253
26788
21149
5337
7415
5379
36595
22964
9424
26208
45836
43070
36337
19921
3614
17908
27784
8524
31488
55893
890
27625
44716
13181
130
41404
111
19865
24667
10994
37035
25867
55283
23024
43573
6601
25708
22172
34407
31042
37569
10093
53037
58089
38294
24531
37649
44889
235
19250
14624
14450
37604
46221
643
37124
33132
52479
5831
35520
6032
34145
6826
24271
4792
59735
37266
8254
15986
24597
7626
37625
21980
19793
56029
11710
54767
12583
51142
10887
9424
55941
35744
30431
43031
15412
50755
35692
20378
50613
26878
3735
18587
10796
38894
53619
15937
49673
5922
52563
12183
38712
53560
20500
56565
50175
50308
31108
50989
10099
16414
34203
55179
59569
39741
15332
15760
49648
12625
27060
32421
57173
15774
47426
44478
42966
35143
52281
26783
45000
55746
37017
13859
58227
27534
50982
2660
44608
10493
23873
9427
17127
59778
3670
33445
44630
40247
53075
31404
54603
51333
28668
22567
49912
18099
51655
3893
47481
47781
13142
33694
3319
26148
31952
54534
16693
43902
11837
43942
39452
30747
48076
47481
48868
43962
3969
19368
22675
23897
46068
35803
58822
41010
37729
16587
25867
28881
43782
40932
32940
10450
46379
27671
6342
36912
52300
9006
46027
25116
8014
5793
30306
17467
26561
33189
52300
25689
27313
34713
59440
31395
3626
27645
86
22963
33649
45407
21007
18997
31664
31610
4868
16329
3740
11301
37625
2489
27553
19114
14916
34605
55341
14205
50935
57391
18039
43460
22322
46986
43672
14577
43563
54062
12329
1244
56043
42565
56621
37188
45758
41850
44848
58667
51030
8824
28633
15511
31229
13250
48626
14467
28132
1145
14420
34208
12303
5031
59228
57166
31515
45734
56324
36707
49586
26830
27313
33845
48557
48806
24350
57492
25145
33421
22404
39941
27718
39961
28132
55566
45336
55665
38346
41629
20080
44216
7625
35376
8455
10608
11021
54357
51536
6057
16584
11171
45079
8824
12355
42235
7106
29023
49809
12836
58892
23547
28820
28735
19347
59769
17676
15022
47818
58812
40305
52269
35317
20430
10760
14803
12274
59263
25454
8893
29459
31719
4094
38495
59825
18675
5396
27316
40904
9289
28936
26739
38955
33371
49300
26824
37944
47007
16715
18955
35520
33132
38732
27690
11234
57103
12656
8524
20222
20752
6427
6213
8907
40104
22957
38193
31735
31157
5323
53283
47605
34845
6711
43476
59891
14636
52098
43043
41143
53035
18549
38321
5611
4736
34239
7162
43758
5738
42476
58064
35582
31825
45597
47195
37756
43466
4864
52041
36990
52298
1675
37503
50253
15496
58257
44873
17146
16375
2675
18039
10322
20220
47669
29476
55796
42070
23888
6595
37188
55893
27866
6440
36377
16529
5086
15335
59778
31283
17318
34728
49821
59978
19280
2734
12998
54845
51519
53376
16462
26391
4449
42707
2720
46072
57698
56228
18039
28561
15747
57820
15486
35226
35030
32586
50683
23517
17257
6710
23778
6658
42043
875
8958
24369
43373
5588
8350
1121
29506
57651
13567
8771
13670
37928
46834
58656
12544
43192
6754
36169
6293
24294
32786
7367
54798
34204
36301
2580
43140
59715
8065
659
13250
1529
58832
16329
8498
8017
18739
26691
16291
19474
44456
57651
57717
54487
30780
56849
53252
2408
11705
36917
3810
7397
33145
20708
58983
2149
58399
52476
53283
37896
31723
55966
54013
49650
10994
18325
33896
15793
18924
1677
13110
57990
57336
6293
39836
18390
25000
15174
47245
17901
19234
44373
6892
2107
12225
6912
21149
34119
28913
13376
22883
15656
39804
26208
41820
30241
25689
38089
3591
11693
50470
8115
1971
46923
8013
48482
16502
43509
31610
51655
53558
10527
49809
23572
52116
42070
46485
54436
2207
45408
30070
59808
23043
29289
11021
13524
34866
51428
33786
24931
4295
57141
42284
20616
29816
59151
50671
30953
59580
6028
10633
29574
1345
38392
8906
17926
21186
51657
57677
47334
8006
48316
20995
25616
46677
32232
8634
4787
8956
50405
52973
18071
32126
46734
9547
55141
26872
21022
8567
44593
37722
17604
35780
51893
48436
25109
52572
59432
2439
20053
22394
27102
52128
54911
28866
39404
37485
30326
31660
52437
58867
29747
9431
57354
9148
25093
5117
2206
59169
44983
33346
53446
15821
43022
41075
6798
44100
31728
5792
56539
8117
34279
48520
49683
16605
41913
58057
35884
945
5639
42399
55538
34266
41319
23933
41355
4757
57229
17091
20455
33070
1212
32939
8179
29007
20467
26890
11283
41166
4839
12064
59943
7211
2647
2589
38343
55675
53476
43231
8325
45296
34205
21887
10809
44447
1160
52909
58436
31965
55924
58269
25288
50694
56723
7804
39101
23299
45761
34596
12001
5735
25616
39720
19076
56331
54881
271
16279
20176
12460
15943
13251
55191
26704
46577
40766
2276
27365
40030
3388
1653
13163
10033
36202
50161
52267
746
7166
27213
58151
11670
46456
39783
15543
1248
48520
1762
15876
9496
23274
20730
22161
49501
48198
2520
50427
3739
5954
19923
58037
481
9392
5796
9145
12075
6652
1765
49861
2689
2109
36706
34860
41159
59608
40025
58906
38717
8906
35884
59852
56267
54778
46503
57354
6865
22652
50616
54197
30463
29683
50609
31484
36226
48402
24019
51155
4567
275
15359
2129
47695
36073
14285
16850
52308
5180
59522
12644
49753
6941
17474
3946
38132
59432
23636
31102
33726
6107
1763
12458
4896
14193
55954
3388
47276
58184
44105
47330
16214
57965
50777
38616
59179
58551
20236
142
21746
29549
43119
59647
32499
17523
26564
57368
34409
5944
29561
56770
39404
15556
19608
53109
39763
11767
46374
37800
15218
38274
1814
12589
29645
25218
34101
32391
21968
1692
24929
39491
17493
3240
53713
3828
17769
53888
35904
41473
4812
43819
52293
36502
14433
7282
59077
55197
34709
29358
55577
9282
56740
17744
4896
49942
31790
18807
39680
39866
8747
37603
46798
39339
1380
24642
14885
44088
36596
32802
8973
36791
27213
21590
21581
6424
58218
38111
56187
44990
17523
49237
27586
4782
28312
43228
59809
38072
48936
22774
7399
41079
28600
57530
36726
29075
33884
8477
48048
27715
24296
34027
4346
37295
53902
8622
19389
57582
25668
28146
12581
18484
8344
38229
40600
48840
1845
2323
9993
10899
27939
17604
21648
27825
47365
57002
49309
54936
10778
49920
51873
25175
5673
38407
2808
42973
25995
50517
8869
11653
12398
34781
51579
54521
11799
46530
19418
29788
51047
27180
29721
29600
26172
26111
28919
13263
37528
45709
2181
8215
45794
28028
21776
48466
53450
3194
39486
47521
9667
57443
14036
11303
47937
58840
13986
5613
59657
10641
30815
13104
10888
51028
11016
14990
5813
18751
8333
1932
26319
30954
55005
2715
28036
15313
3783
50049
11986
52652
18484
29484
29321
41068
32762
45424
48327
31050
32391
1808
21363
21037
46402
2902
57938
3009
16216
49092
20665
35362
35551
54906
3862
41022
30552
38938
12644
27056
17057
49345
23339
6101
14683
19202
41531
21849
6669
59501
6220
41981
16863
4730
13541
39063
20956
52274
37419
26897
37381
7864
59879
23670
15525
43395
32101
10177
59434
16738
39730
1693
39791
7919
42536
54415
32014
59451
21619
44860
21655
18589
677
14424
41716
50154
37239
9626
16448
12384
53384
27538
9597
2922
47674
49172
41163
30552
717
1765
34348
18596
38567
10812
13419
13251
49741
53249
27826
37986
56331
24192
42793
36053
39799
53476
42519
42455
17444
10489
19389
10437
31458
44842
21935
2334
58037
36630
29574
59026
2129
51383
20447
29754
9282
25001
54197
48235
42116
41531
20484
1537
7843
49309
25188
27364
49552
26465
13068
31743
42812
35183
16434
50427
34988
1430
13783
34050
48971
17522
24773
42287
56246
15118
43946
25765
54400
53292
19973
23725
52947
47858
49132
14199
56804
29924
10656
6004
2727
25675
33321
23324
50017
26793
10441
36253
31266
55643
28455
34806
7498
56306
19659
28717
15398
35535
31763
7368
33617
11500
20266
31495
29065
13886
45797
56306
26873
40346
46787
14009
38896
29049
49863
38414
50202
33044
56262
27043
15464
42850
45282
40776
38378
35787
21782
59889
59096
3539
28732
29804
49581
16582
11324
879
39311
26493
48687
48134
3085
31499
26204
12637
48966
26290
26876
13532
12376
16072
53529
7351
19867
17915
42480
58706
1887
3378
23377
40674
14748
29008
20575
32840
45070
42756
22506
55076
38250
44262
41522
59269
46108
31069
19920
32598
27043
18234
24799
37072
36883
31007
43946
4259
32354
41152
50460
29871
18778
49061
45797
56589
24718
5599
50316
5158
815
41243
48260
15702
35062
42517
420
11674
22729
39958
9995
14707
51503
58039
37567
46108
2739
46290
38626
10546
20246
33216
48687
55075
43882
30262
45919
38165
7449
29038
6786
39468
44494
37409
51503
55394
37448
39015
19077
11659
6749
16084
43936
58706
10353
30042
7112
13145
1978
34557
46108
2405
24252
27802
56246
26360
27408
37438
48143
29760
1328
41670
52610
43262
56061
32954
12957
33573
39436
19825
23938
17201
22264
30761
55980
42221
51854
11980
58646
46322
36981
58633
43056
36787
26413
36661
14195
32961
21850
6426
463
23237
30918
30399
15949
38477
10578
14376
41951
26787
20000
37448
49845
42970
7133
44713
13040
48680
15462
13509
31886
13165
48078
14370
55055
2037
40748
15110
50764
25025
36739
48016
54975
29790
54446
32060
36487
6655
10401
32322
17514
35097
24106
6929
44760
2744
57461
5939
50926
53634
30323
44488
15538
46759
16353
45292
3062
26814
33575
11802
4192
44773
26607
48358
34841
44869
12137
33562
30390
37597
25913
23377
13078
29006
14907
21754
53268
3638
16219
22272
12467
20209
4192
47319
8010
48533
54839
25557
33815
11983
12688
40840
13279
20091
7907
28376
52798
42379
38433
6324
28434
37300
6557
13732
18701
40546
50010
4665
15819
49270
27742
54862
11644
48561
39513
11238
41618
42267
12476
23508
40624
47873
53193
42428
10770
22428
58154
31005
49995
24666
25747
27062
54361
2461
23312
24403
2461
7998
51994
26972
47115
273
44738
53715
26290
614
16219
4752
8252
23927
3137
55498
46458
39625
47193
27745
13948
21338
3170
11802
28720
44480
36118
10814
3648
19590
9807
24330
46091
44662
13404
40127
9009
51137
29058
57837
49040
15238
39539
44651
17132
27777
22581
182
956
23825
54928
55903
17543
10939
21210
31211
20171
12039
7081
138
53718
33617
15810
40773
30575
49038
16959
10401
1413
13229
50549
53732
30482
16442
52529
54491
11638
41025
33773
11154
37409
38365
9336
28057
31346
3669
59850
51298
13862
5668
9531
21963
30615
42121
5688
3685
57848
33605
35674
27648
42372
9330
29834
54750
47543
35397
45624
49783
46914
47873
32585
21927
4529
45212
26972
53414
49291
59525
59576
48966
55661
43459
16092
49558
219
42590
45212
53497
59301
43748
35738
25539
50451
53470
24408
49270
15066
32870
40431
59726
52706
25223
56586
56547
47757
55965
10146
48143
58957
31335
25468
31316
18476
19456
57345
55871
47737
50633
5839
7279
53069
55388
6385
51367
19746
53024
5984
49784
7833
28172
49611
36407
15398
41957
26437
58957
690
9062
5066
34453
44406
40175
1864
36918
19328
59384
11055
4057
10578
53272
15685
39424
13532
1089
43603
43838
56366
40189
17631
6112
18103
47848
40654
34800
53647
44821
3539
47471
9763
44152
27668
53942
985
34438
26411
18808
48606
34806
5617
50399
47873
53296
36559
55394
43809
21976
28356
33448
1690
47938
19746
46759
17387
26236
15136
7562
44077
20940
12762
4431
10532
55135
42689
6024
20821
58115
33588
45104
13481
50073
32889
46538
1020
45986
32140
19385
34703
39466
32696
649
43545
19984
50199
9577
59032
48605
50503
47611
6343
13964
39987
26563
21977
35034
38260
35411
45634
39406
20637
26900
26469
26227
21772
14399
8500
41797
58922
2422
13621
40625
45127
29832
16890
13245
21605
18670
52503
11218
21676
55016
24242
17161
3403
44337
56411
59583
16616
36291
55615
18128
6486
41988
26716
29872
45448
44077
49765
8488
58922
34046
9574
53311
13731
55273
9659
48156
53221
18704
57438
41800
24774
8868
48605
28805
10956
36175
6013
32576
58281
29843
7049
26810
23593
4364
12199
35439
15025
17835
37356
21122
1951
27757
57157
30192
11307
20291
13758
30770
39098
33542
40176
44354
42080
19451
41129
33751
43161
1801
34765
28805
165
34255
6562
33058
38302
37310
23186
10650
51219
20076
2365
56747
16703
57742
38084
9210
39205
40157
3952
1538
52265
30857
26180
37535
56840
49305
5451
9016
8149
19118
33751
47162
56548
19970
51213
31612
10836
5810
17229
28616
3999
21419
29881
14634
35988
9144
40917
56862
29392
40828
52503
17176
5213
20087
35729
52273
23566
36310
58438
26810
23720
40527
21605
7206
32002
1866
47260
11100
38936
55512
27842
56153
4640
6567
32969
28644
25770
22709
8376
40501
39332
42409
9593
31143
6139
25102
4150
25771
50866
29966
27438
41869
34993
4365
19627
29768
20745
29331
30083
37621
20137
10698
57587
51877
11065
59785
36601
21126
58304
20286
9659
6692
56421
47715
42225
59578
19384
56182
32623
32876
8305
26039
29622
15032
17075
21844
11174
41547
10224
44336
8151
27402
3985
38156
57353
58281
24486
7049
36358
14421
37667
58940
1297
23244
33401
17855
18678
21918
15862
40034
55638
58124
49043
25219
15500
7544
41659
28251
39258
27161
43054
32312
37477
37679
26119
52513
49550
33934
7562
13309
58516
40980
21955
28249
19684
11530
39379
14044
59251
39727
40019
39278
4059
37451
59673
58516
58191
43125
12231
23653
55162
30945
12101
55379
19873
26372
37175
33135
14265
5279
28810
50811
421
12523
44814
11769
40484
36784
13364
13481
15324
5071
31606
12480
13351
22633
49436
58301
20168
33975
46558
9075
20596
38895
57770
48427
22298
27530
34859
20317
22869
881
21061
45581
28249
3671
31626
51920
881
37218
274
1538
8357
40009
10512
21268
48283
7379
1849
45713
32624
27442
24955
36358
36769
37707
53277
47260
18
30687
21008
40157
2756
8636
9723
19828
25944
21349
50193
38185
8282
58226
56964
506
10790
18536
16891
55111
46067
49401
57577
22561
25467
25165
9015
52253
44318
24750
52054
38306
49816
48707
28934
33572
12855
41410
46967
56937
13020
10234
55066
14912
15061
39200
50934
8638
58904
44790
15843
41261
19228
9533
33207
24638
34703
9813
52426
58435
23780
30279
44077
54945
58055
17589
52856
36724
52837
35433
40757
27702
23699
21025
8848
41546
23688
17626
36195
47699
39043
57641
16736
9534
31342
42523
42723
45224
5230
31954
39496
6526
23256
49930
18904
9389
16258
204
42481
58404
50073
2862
57463
15484
44517
55627
41636
28967
5003
38342
3717
11038
810
9813
18520
23907
50428
50781
44452
53588
13245
41726
30106
44452
51319
106
33513
42123
16425
32592
49769
35158
50503
52918
12509
7549
7109
32436
10956
5021
13224
36038
7063
19277
4612
24486
26785
48809
22982
41782
46491
55616
14732
1617
36504
55096
56549
53068
55977
53754
59503
41631
34767
40492
35825
15625
331
45633
38885
395
7220
7273
36274
401
56936
10767
40475
31613
55754
39589
47774
37888
5996
48145
15839
19523
51857
14960
26511
32922
42856
24377
49960
52194
48538
56641
49633
3952
4268
50865
39577
49305
29758
53840
15500
49539
46482
36763
21704
21841
15953
3804
46009
38213
47464
53510
10718
21322
55216
223
44185
22109
57048
32028
17307
43163
43461
43384
54155
56058
17813
18469
41194
13479
18843
49053
6339
51560
20403
21133
50605
21318
21885
57044
58221
59066
59056
44927
32920
15737
12373
47604
30264
29806
47809
52899
5308
33527
193
56064
31882
48878
58140
9429
11099
42613
42145
18257
43483
50872
59665
32428
41650
1127
42594
41224
18671
52525
28972
8827
1302
12982
1231
33395
35845
32542
47168
42403
26659
32145
19141
55363
24723
38184
34191
2814
6202
36152
23427
57652
101
32195
50763
27392
49239
23259
31792
22181
38728
38320
2658
32681
59370
48852
6881
301
9198
26455
13421
30798
43555
56274
22753
58444
38001
53258
8362
17714
1983
13810
56837
42722
58455
15113
30001
57504
31101
46607
43277
49662
40730
46501
33362
21367
21719
27621
36178
41148
7304
12025
2752
23149
36859
14920
59552
42648
23352
3782
3276
45180
33134
21335
55744
37811
45697
5564
42928
13842
38776
23507
37963
15062
44756
35382
46155
36611
26854
28812
50923
3599
42004
25610
38550
43956
10324
22109
13162
10309
10131
4893
45456
39651
42514
37900
47595
53579
30294
44194
28697
54558
36283
40114
25681
31189
38178
59937
51958
10392
11421
4774
37694
47062
31460
30479
13933
43763
28791
46858
9426
53164
46515
48562
13244
52825
51166
52337
50100
23684
31713
20370
24315
16194
10544
55021
21159
25727
40204
8123
51300
17813
20619
16138
7808
4303
35553
21133
15932
3992
3210
37500
18066
42501
29948
53931
19473
48453
35121
39183
12597
3795
31571
40451
48271
7054
55189
23802
27254
49867
31927
49523
30988
50706
59306
16711
46457
14795
9538
39439
5565
9270
30290
6914
36713
4591
2653
15260
53858
55553
44500
12293
6202
263
41470
22539
32643
23260
5818
20723
17961
40186
53334
53372
14348
57044
34925
10496
7470
25110
11426
36654
55608
37525
50872
28849
21062
185
25319
58778
24652
27194
16133
54426
19780
55003
14348
3846
27485
12724
2704
11894
10716
6866
34835
56074
46769
35032
26734
47700
29516
4298
53977
21111
24655
47941
21386
43859
32282
33170
31967
51477
45392
54891
29298
10297
7278
43361
32728
13166
11877
53866
24088
56543
38257
15037
33104
24515
14522
29277
59661
55689
6064
41313
41972
3189
6566
59842
17974
34583
50665
43821
9538
46081
26442
44573
41891
35102
11407
23802
5784
37168
26933
53771
45428
43238
4363
55544
43187
14287
3531
46541
54478
47168
23678
141
49554
40435
19574
2835
36643
10496
3522
59703
15856
59526
46078
34982
50763
11944
23068
29117
23230
5768
28138
59646
42031
35316
14832
3750
22862
36925
5437
32470
49093
9522
46215
13180
46311
30154
14519
34395
40211
44927
4020
53415
7173
8345
59360
15122
20277
20452
19226
34935
20134
54135
2455
22131
2848
56931
41998
35731
24702
30990
53589
16169
48672
11220
18469
28158
30952
43019
38300
2344
28236
43401
16264
12849
41470
29951
57048
49136
39784
52750
33362
5300
51460
44566
39183
2750
1891
39294
20977
35965
31674
3951
48622
2102
46875
37471
918
43178
50796
59484
37878
55422
30946
33950
45967
54114
45382
58701
18183
18597
59561
28764
47640
26826
59703
39920
14242
41910
8345
4472
18648
4643
50392
52484
48242
24409
44485
15824
59138
35372
50743
35130
971
10496
39348
32048
20295
45374
12403
11407
48556
40061
41472
22181
58606
55882
23507
11274
25816
38291
6675
12979
53779
17946
25705
47560
7994
26668
53624
49616
54863
55799
15499
21405
14243
37480
11736
57663
34459
26529
58444
53779
54274
54971
26886
53242
31398
57839
43541
34434
54066
45930
46501
13355
6173
52337
193
47049
20061
18046
3270
17776
48190
34230
37602
18469
15215
54115
288
53333
25998
58589
28179
8572
28362
24112
35353
18239
48494
59361
35383
17162
18952
25131
51906
28144
28648
59447
52159
39135
19692
43181
627
8234
38956
28093
21089
1223
58070
575
21421
21399
52280
45082
15406
4700
55156
10189
16457
35950
15738
10041
32965
52171
16339
49509
16184
53756
14203
11950
19041
48552
30584
54352
27195
53248
17784
9134
45311
36233
52159
45772
8008
21694
13979
48312
59057
4440
9117
13396
43843
36413
19351
50861
49756
15467
23602
55128
55578
39011
9250
13680
45639
35958
44568
44507
11355
56525
26145
2358
35751
57352
46650
46118
22585
53636
10490
42127
14093
30116
24954
7825
12988
42218
59294
2940
21805
38489
29722
8306
32018
24370
29259
40629
1296
53036
19350
37030
46658
19988
17165
11210
52884
34313
30173
44568
44833
43843
57618
11365
27251
49756
1388
28233
12633
3093
24586
47317
34946
14093
47298
15664
37644
25250
44024
1009
59294
43511
43656
23948
48092
1464
575
54590
503
20157
21421
20350
43993
32622
53184
38956
58552
34794
34107
24646
46505
13396
49804
51933
11425
12268
45311
54030
13966
50785
43250
34328
20774
51501
52493
27958
51160
4100
13578
9152
97
38587
3338
10881
17160
29782
44196
59057
31765
12777
55020
33325
3502
41560
12054
59511
33202
26362
56617
54654
59101
5800
23086
4063
45866
43580
1289
41973
2845
10064
19182
28480
7681
6506
23008
15757
56891
14008
12660
19756
23184
14478
8701
49579
10738
10426
59949
14380
59627
49438
8482
2628
45576
25545
59813
46794
41431
17803
8867
44270
15286
51013
8221
6354
55762
3144
23163
34165
52860
27126
8522
57984
21650
39995
25545
33766
26078
42961
30467
41564
53043
40324
49095
54132
44616
4609
34900
51302
50702
36576
25984
29276
47546
33387
25418
57561
45458
24297
8915
57467
54047
49422
30322
40814
43096
393
31673
53743
51341
43909
54884
1966
37709
49724
21286
51208
2243
18450
28739
2476
38948
42297
39599
14669
46876
31630
48753
25262
23966
15749
3570
16465
27889
12493
38778
6321
57216
51881
11827
39559
22241
15724
52285
15861
17275
27425
37605
5633
50514
36751
41064
5521
51424
23865
1964
55221
46988
13016
25563
35123
50258
766
25250
14626
12282
7923
40403
47577
11478
43299
7586
36250
18595
29702
22810
34460
35007
47675
39070
13934
33771
5042
58508
36878
53271
5043
9345
3825
13365
35477
23562
59018
15963
39693
46904
42665
7477
33557
58445
54550
15033
40646
14902
29877
50530
52722
38391
55
42096
51754
34912
25341
8033
32509
57640
45481
33323
57425
52632
57918
36878
25320
52285
31607
28033
1247
25388
26893
16559
53728
9361
25131
19079
32390
38956
13554
41598
34165
17506
29831
57918
26061
23768
12831
20521
4887
48101
30843
45529
29053
19052
47136
15408
34696
30661
32426
15624
38734
31124
32279
56952
27381
59399
20412
41901
47632
5112
48559
38948
33631
52201
18690
34150
39091
59183
16955
37299
9490
14406
43018
46396
14020
27027
36323
30999
43268
19835
26804
38842
29387
37032
10482
18523
43099
58195
1064
58860
15757
21457
40295
40750
18467
10895
37608
25731
56617
55959
13888
32206
6942
51964
29829
14385
8313
39109
55192
51850
51424
36776
9608
12268
11546
47331
13803
29145
42127
21212
7297
13498
43749
21593
9154
11586
21212
35232
15749
23400
923
41831
10963
56667
49303
33893
34020
31205
7638
27606
30803
34534
35484
45122
54082
13518
41416
22290
50307
876
55674
1223
48309
58625
1384
25968
23129
53485
25262
59270
12482
13849
54596
33839
48652
45746
16277
31119
59086
52511
12960
37039
23035
29988
55015
27210
1914
53517
50429
41416
11161
38249
8951
32309
39141
53996
2139
40715
22813
40646
14902
27024
3759
22136
14062
5775
33719
10422
54346
55132
17361
7763
53092
6620
57210
7995
13341
26022
19177
40767
25776
8378
29861
45415
4350
9150
59765
27511
19143
45074
57551
52635
3904
11206
5320
31417
17903
30385
15658
42109
46336
45944
31225
11820
30181
3528
487
54076
16731
41684
27748
36567
45381
49679
7056
26609
11423
24566
54039
42311
38358
3303
59362
25698
17707
17591
22165
53661
46020
30987
1733
13034
56257
54154
50079
35374
37115
35479
4932
58054
154
23864
16602
50318
39718
12535
28911
19560
57539
43453
3044
10374
31986
22388
32706
14977
39598
56292
12368
24538
23349
13678
53831
57072
33211
44763
14365
40145
16853
18828
5964
43750
1399
9810
28062
47489
28192
56166
39163
33999
12051
30378
5937
49710
46336
40786
40102
15659
28313
31621
37976
22
15165
56075
29108
27839
11224
8630
38344
2312
10055
32904
49451
17319
22549
12440
18529
37318
46721
30022
44348
29547
42048
22471
37651
51297
41681
43750
37976
14680
10934
35444
1066
57567
3678
14289
45232
22140
14790
3265
27774
42860
11847
35233
5589
39199
18021
52427
23285
44687
43873
34031
4902
2795
35380
6820
52341
13936
36044
48708
7447
34196
6155
6641
744
57258
29001
23748
37637
13173
15944
33311
38467
34419
12708
48154
31244
58242
29078
21091
16731
50041
1925
30696
29956
22503
6491
29672
19567
5901
27361
22854
14306
14735
17861
35070
3063
18746
53379
33653
36666
17107
37737
48548
33696
40293
35603
30947
39889
24401
37242
26082
46662
43863
27234
20026
2041
46206
26837
25063
28761
18228
26703
47662
29533
53456
49495
31299
31961
47897
1399
56478
38443
19715
5539
18959
2553
35877
24009
43650
45762
3645
22765
46168
36497
25404
13687
29935
42293
7812
14875
54647
167
12496
7241
33899
38690
44586
3913
25655
51334
34126
54667
18747
47103
22804
58076
57880
37359
21302
31326
41942
42860
56051
38701
10445
4307
49163
30360
21757
54766
43777
56859
5320
22140
47120
40978
5607
56627
48843
46413
46238
18277
31854
53950
46741
26424
47874
50445
21595
3169
51393
29938
39199
33712
51168
14985
22174
39569
15072
5794
5459
57206
43385
3653
7241
9437
1949
54251
23989
16476
44641
37976
42668
51842
45232
25258
40809
47659
58577
56702
54321
56090
8558
47671
52180
36196
37136
18813
19747
39713
8231
35877
55473
49163
11938
9372
56480
57590
52236
8702
5518
19824
52017
18859
56230
54984
50217
44261
45142
9150
44973
12629
39448
34665
26609
47105
35556
39286
20307
50544
32882
33155
58088
7890
12646
18251
56425
17708
38293
16451
36779
48771
55595
8750
43158
12301
24991
22672
19513
48894
13409
54038
31213
46578
47865
24911
32532
36319
44884
31840
41311
49541
18677
44915
19972
10247
15602
48484
52576
2509
48225
3508
59858
16253
14982
14289
44600
800
14077
58081
42884
19715
14442
24553
7798
900
15844
47264
42516
10808
29536
39953
47082
44992
16770
32891
32366
43282
58274
11732
37301
54251
34688
30263
45244
13739
4720
41903
13646
52510
31573
42118
18928
29486
14042
23084
550
13191
13032
27087
3193
14341
21756
40269
44429
11847
9070
8586
26068
59409
40317
12162
6813
11775
22549
14042
27873
55539
36793
15602
5992
32555
54713
41982
29369
50784
56788
18694
39750
6577
25872
34306
46578
33860
34544
28677
10658
4320
34885
54984
52510
46318
34616
27430
44074
59295
42743
52977
5402
32552
38646
3621
54449
48597
4690
51716
40786
36013
58927
32360
6100
52989
14254
20554
32152
53645
25385
35296
14120
31226
39576
53267
42231
57159
1307
20519
43611
15171
1305
6078
17311
4206
48224
48618
38233
25502
38048
30419
4547
50927
17792
29778
5386
59455
44375
29168
26214
11557
53267
20126
29010
26822
8408
15244
20825
34940
16815
34616
30887
44081
13678
5740
21897
21267
21377
55072
15367
22719
7087
7061
53964
17824
17858
20241
51577
41791
4483
30783
10193
57487
39781
